100-122655-0035 0.18,2.87 3.35,6.83 7.84,10.96 11.49,12.13 12.13,13.7
1001-134707-0047 0.2,1.53 1.77,3.75 4.14,5.36 5.49,5.73 5.78,6.63 6.83,8.19 8.61,9.22 9.45,10.14 10.46,12.46 12.86,13.74 14.05,16.05
1001-134708-0032 0.63,3.06 3.12,4.0 4.82,6.79 7.12,8.7 9.09,10.56 10.57,11.69 12.02,13.19
1006-135212-0043 0.07,1.71 1.98,4.5 4.77,6.11 6.38,7.98 8.0,8.09 8.14,8.21 8.37,11.41 11.8,13.32 13.5,15.16
1006-135212-0101 0.03,7.04 7.18,11.43 11.7,14.27 14.28,14.94
101-126859-0017 0.49,2.49 2.6,3.29 4.41,4.67 5.07,5.26 5.37,5.61 5.88,7.21 9.07,10.7 10.95,12.12 12.39,14.31
101-126860-0032 0.24,0.96 1.46,2.71 2.9,3.35 4.63,7.12 7.39,8.31 8.8,9.46 10.14,12.64 13.24,14.29 14.29,15.57
1012-133424-0068 0.42,2.34 3.1,4.26 4.54,5.75 7.04,7.56 9.9,10.57 10.68,11.8 12.26,14.7
1018-133447-0021 0.3,1.68 1.94,3.75 3.9,5.12 5.7,7.39 8.56,11.23 12.64,14.43
1018-135221-0009 0.2,6.09 7.68,11.29 11.79,15.29
102-129232-0014 0.41,1.4 1.51,2.12 2.17,2.98 3.93,6.45 6.54,6.57 7.21,9.11 10.02,11.76 11.89,12.55
102-129232-0086 0.21,1.64 1.81,2.82 2.87,3.52 4.08,5.04 5.07,5.82 5.96,7.44 8.12,9.03 9.38,11.56 11.64,12.16 12.91,13.24 13.32,14.05 14.51,15.15
1025-75365-0009 0.24,3.38 3.51,6.9 7.12,13.85 14.05,17.75
1025-92820-0009 0.12,1.64 2.0,3.51 3.93,7.74 8.18,10.52 10.83,11.22 11.36,12.81
1027-125147-0002 0.23,1.89 3.25,5.16 5.34,7.25 7.62,12.29 13.06,14.27
1028-133393-0010 0.28,3.3 3.44,3.67 3.93,5.34 6.12,6.6 7.07,9.42 9.79,12.81
1028-133395-0007 0.21,1.62 1.62,2.6 3.73,4.98 5.45,7.96 8.36,10.68 12.03,13.21 13.71,14.65 15.16,15.81
103-1240-0008 0.27,2.81 2.97,3.35 3.45,4.47 4.88,6.12 6.24,6.51 7.25,7.91 8.23,11.34 11.37,11.7 12.13,13.32 13.44,15.15
103-1241-0002 0.42,2.55 2.96,5.79 6.25,9.97 10.26,11.23 12.12,15.3
1034-121119-0019 0.32,1.81 2.21,4.14 4.29,6.03 7.0,9.09 9.44,12.04 12.81,14.91
104-123365-0010 0.27,1.7 3.52,4.47 4.56,4.75 5.19,7.67 8.12,9.86 10.24,10.83
1040-133433-0057 0.56,1.97 2.29,3.35 3.51,5.04 6.84,7.72 7.89,8.8 10.15,10.19 10.19,11.41 11.54,12.27 12.96,13.9
1046-133224-0037 0.07,0.21 0.39,3.62 3.78,4.7 4.74,6.58 7.0,9.02 9.95,10.77
1046-133225-0042 0.36,4.18 4.32,7.07 8.09,12.66 13.53,15.35
1049-133454-0042 0.54,2.55 2.91,4.5 5.68,7.75 8.31,11.16 11.8,13.15 13.83,15.72
1050-134119-0036 0.18,0.97 1.09,1.68 2.44,3.24 3.78,4.7 4.75,5.04 5.08,6.46 6.53,7.65 8.04,9.75 9.78,10.3 10.76,12.6 12.88,14.64
1050-134121-0009 0.17,2.34 2.76,4.77 5.67,9.09 9.4,12.91
1051-133883-0054 0.07,2.71 3.27,5.76 6.42,7.49 7.68,8.52 8.79,10.04 10.47,10.9 11.05,11.79 13.01,14.29 14.52,15.69 15.87,16.41
1052-139308-0000 0.0,0.2 0.27,0.32 0.33,4.35 4.62,9.55 9.91,11.45
1053-132821-0004 0.3,1.3 1.43,1.98 2.13,2.38 2.94,3.99 4.17,4.39 4.54,5.0 5.17,5.5 5.96,6.11 6.3,7.18 8.7,9.35 9.57,10.11 10.32,11.13 11.16,11.31 11.38,11.91 12.03,12.21 12.22,12.38 12.62,13.06
1053-132850-0009 0.27,1.65 1.86,2.55 2.69,2.91 3.6,5.75 5.76,8.7 9.06,9.9 10.05,10.23 10.44,11.46 13.53,15.75
1053-289242-0032 0.32,1.71 1.92,2.73 3.9,6.57 7.51,11.78 12.51,14.28
1054-143005-0051 0.51,1.47 1.84,2.85 3.0,5.38 5.4,5.68 6.29,8.69 9.46,10.26 10.28,12.72 13.83,14.93
1054-143005-0108 0.3,1.77 2.29,3.35 3.93,5.79 6.21,7.82 8.27,8.82 9.48,10.35 10.62,11.94
1058-131113-0079 0.39,1.35 1.53,3.36 3.96,5.46 5.7,6.5 7.42,8.61 9.07,11.58 12.73,13.04 13.15,13.38 14.18,16.04
1060-134451-0063 0.34,2.1 4.3,8.18 8.94,10.04 10.34,11.28 11.73,12.77 13.32,13.76 13.81,14.38 14.51,15.0 15.13,15.54
1061-142358-0026 0.27,1.67 1.78,4.2 5.01,7.35 7.83,8.23 8.25,8.65 8.87,9.07 9.07,9.54 9.55,9.69 9.78,9.91 9.93,10.14 10.15,11.14 11.69,14.91
1061-152224-0001 0.26,1.83 1.86,2.17 2.28,4.23 4.44,5.83 6.87,8.52 8.67,10.76 11.79,14.96
1065-134593-0020 0.14,1.84 2.43,5.29 6.46,7.79 7.93,8.7 9.4,12.07 13.54,14.05
1065-134611-0005 0.23,2.56 3.56,5.29 5.57,6.12 6.12,6.5 6.62,7.98 8.04,9.4 9.53,10.02 10.47,12.93 13.2,14.01 14.38,14.74
1066-103481-0000 0.04,0.15 0.15,3.21 3.33,7.02 8.54,12.11
1066-4479-0018 0.57,4.88 5.07,5.7 5.99,7.3 7.93,12.21
1069-133699-0041 0.17,2.7 3.63,6.13 6.17,9.38 10.12,11.76 12.02,13.63
1069-133709-0037 0.48,4.0 4.39,6.75 7.05,9.02 9.04,9.91 10.04,10.96 11.27,14.85
107-22887-0041 0.23,1.84 2.19,4.42 4.88,7.05 7.37,11.47 11.51,11.55 11.6,12.03 12.33,13.81 13.94,15.55
1079-128633-0002 0.54,4.59 4.79,5.38 5.55,6.53 6.97,7.42 8.05,8.46 8.64,11.25
1081-125237-0036 0.54,2.7 2.71,4.0 4.51,5.43 5.83,6.12 6.22,7.37 8.0,13.35
1081-125237-0103 0.53,3.35 3.4,5.19 5.89,11.04 11.18,14.09
1084-139230-0045 0.28,1.53 1.71,2.34 2.6,3.13 3.27,4.91 5.29,6.12 7.04,9.84 10.08,10.3 10.81,11.37 11.85,12.18 12.4,13.8
1085-156170-0022 0.24,2.82 2.92,3.12 3.27,4.0 4.09,4.16 4.25,4.65 5.24,6.63 6.78,7.17 7.59,8.76 8.76,9.38 9.46,10.01 10.24,12.12 12.48,14.1 14.27,14.62
1088-129236-0025 0.39,2.31 2.77,4.02 4.08,6.34 6.43,7.38 7.38,7.42 7.8,11.51 12.18,14.38
1088-134315-0049 0.34,3.65 4.38,5.14 5.22,5.67 5.68,5.88 5.89,6.78 6.96,7.7 8.04,9.77 9.79,11.51 12.26,12.77 12.78,14.4
1092-134563-0026 0.26,0.43 0.47,1.47 2.91,3.84 3.87,4.77 4.84,4.93 4.95,5.78 6.74,7.14 7.56,8.47 9.33,10.89 11.04,11.37 11.62,11.94 12.09,12.24 12.69,13.62
1092-134579-0006 0.1,3.42 3.69,6.43 6.75,11.14
1093-132891-0043 0.36,1.41 1.57,3.66 3.85,5.46 7.2,8.7 9.09,12.12
1093-132891-0133 0.39,3.57 4.04,5.79 6.75,9.51 9.97,11.12
1094-157768-0007 0.21,1.14 1.33,3.46 3.73,4.84 5.03,5.79 6.3,8.84 8.96,9.6 9.97,10.06 10.14,10.59 10.7,11.18 11.31,13.05 13.23,14.67 15.02,15.86 15.93,15.97
1096-128264-0025 0.54,3.23 3.23,5.85 6.78,8.1 8.25,9.06 9.49,12.15
1096-128265-0042 0.57,3.51 4.2,7.7 8.58,9.26 9.39,11.14 11.31,14.47
1097-136910-0015 0.2,2.76 3.4,4.23 4.58,7.84 8.03,8.97 9.04,10.17
1097-136912-0025 0.21,1.11 1.17,1.73 2.12,3.36 3.58,4.39 4.58,4.63 4.7,4.82 5.88,6.72 6.74,8.56 8.56,10.76 11.14,12.64 13.1,15.0 15.04,15.33
1098-133695-0040 0.2,2.12 2.79,6.04 6.34,6.74 6.75,9.77 10.39,11.64 11.91,12.81
110-1-0013 0.56,3.66 3.87,5.0 5.28,6.48 6.88,9.51 9.87,10.44 10.71,11.85 11.85,12.79
110-2-0032 0.15,1.7 2.54,3.72 3.73,4.37 4.65,5.43 5.46,6.34 6.69,6.99 7.02,8.1 8.14,8.69 9.02,10.47 10.77,10.99 11.12,13.11 13.62,14.84 14.87,15.33 15.45,15.78
1100-124547-0046 0.3,1.17 1.54,4.32 4.58,7.53 8.05,8.65 8.67,9.75 10.46,13.37 13.98,15.16
1100-135264-0042 0.21,0.96 1.12,1.84 2.01,2.56 2.71,4.37 4.93,6.46 6.81,8.56 8.65,8.91 10.05,11.01 11.16,12.09 12.35,13.79 14.04,14.73
1107-133727-0026 0.43,1.02 1.12,3.12 4.04,7.91 8.12,8.43 9.11,10.17 10.74,11.46 11.55,12.55 13.06,14.28 14.6,14.97
1107-134313-0003 0.57,2.23 2.25,2.29 2.42,2.71 2.83,3.67 3.79,3.98 4.21,6.0 6.06,6.42 6.55,7.39 7.46,8.01 8.84,12.29 12.72,13.98 13.98,14.4
111-129000-0018 0.26,0.36 0.77,0.97 2.79,3.92 4.16,4.46 4.93,5.54 5.89,6.12 6.45,6.9 7.07,8.03 8.12,8.58 8.96,9.16 9.3,9.75 9.95,10.19 10.95,11.37 11.64,12.22
1110-134828-0024 0.54,2.21 2.9,4.75 5.0,5.45 5.57,7.02 7.14,7.51 7.7,8.0 8.16,8.93 9.4,10.77 11.71,13.01
1112-1043-0025 0.28,0.51 0.63,3.03 4.3,5.22 5.88,6.9 7.02,8.14 8.25,11.71 12.86,14.31
1116-132847-0003 0.09,0.7 0.85,1.27 1.3,3.21 4.26,6.3 6.87,7.82 7.89,9.12 9.66,13.29 13.3,13.59
1116-137572-0005 0.18,3.51 4.82,7.59 7.77,9.46 9.97,11.56 11.6,11.71 12.63,14.67
112-121671-0005 0.56,1.67 1.83,3.35 3.45,3.79 4.51,4.68 4.91,5.17 5.34,6.34 6.74,7.86 8.31,9.53 9.73,11.4 11.45,11.94 11.97,12.3 12.6,13.83
112-123215-0010 0.54,2.37 2.85,3.99 4.17,5.67 6.21,7.17 7.39,7.5 7.51,8.7 8.79,9.78 10.12,11.21 11.25,11.87 12.09,14.03
1121-132777-0001 0.26,4.41 4.91,6.54 7.44,11.56 11.61,13.11 13.44,14.94 15.0,15.13 15.13,15.27
1121-135824-0021 0.01,1.71 2.19,3.15 3.57,5.17 6.01,7.29 7.41,10.26
1132-138883-0022 0.24,1.5 1.54,3.9 4.51,6.12 6.6,7.09 7.35,8.73 9.39,9.97 10.23,12.68 13.21,16.43
1132-145024-0038 0.3,3.63 3.93,5.01 5.78,8.16 8.47,10.68 10.96,12.49 12.59,15.9
1132-145024-0091 0.39,3.54 4.38,6.48 7.47,8.22 8.32,10.06 10.53,14.09 14.67,15.59
114-129317-0047 0.53,1.19 1.38,3.75 4.11,4.56 4.56,6.46 6.96,9.46 9.6,9.9 10.85,11.91 12.96,14.69
114-129324-0048 0.21,1.95 2.13,3.31 4.54,5.82 6.29,8.01 8.51,11.05 12.88,14.13 14.28,15.27
115-122944-0009 0.34,1.88 3.81,4.68 5.33,8.29 8.74,8.91 8.93,11.74 13.77,14.46
1152-126550-0009 0.32,1.33 1.74,2.62 3.12,4.02 4.02,7.23 7.86,8.7 9.02,10.1 10.41,12.18 12.49,12.68 12.81,13.95 14.25,15.31
1160-139336-0010 0.28,1.98 2.48,3.0 3.21,3.44 3.96,4.32 4.46,5.1 5.34,6.36 6.78,8.85 9.42,11.97 12.38,13.77
1160-139717-0020 0.2,2.97 3.3,4.46 4.65,5.57 5.83,7.04 7.79,9.91 10.99,12.96 13.23,14.69
1161-135206-0027 0.17,1.92 2.23,2.81 3.23,5.33 6.17,8.71 9.22,11.76 13.15,14.04
1161-135206-0120 0.27,1.44 1.7,2.94 3.19,5.26 5.47,8.13 8.22,10.1
1165-135216-0046 0.54,3.9 4.25,7.79 8.74,10.08 10.29,13.62
1165-135220-0048 0.41,2.06 2.19,7.49 7.96,12.79
1166-136562-0039 0.43,0.81 1.3,3.17 3.17,3.25 3.33,5.0 5.42,7.05 7.32,8.6 9.2,10.86 11.47,11.74 11.88,13.05 13.19,15.51
1168-134958-0063 0.18,0.58 2.35,2.76 2.94,4.65 4.77,5.17 7.08,8.14 8.36,9.49 10.24,12.55 12.57,13.28 13.37,13.62
1171-130776-0019 0.24,2.33 3.06,4.86 5.01,6.76 7.5,11.62 11.98,12.63 12.78,14.45
1171-130776-0073 0.17,1.91 2.1,6.17 6.5,10.57 11.67,12.73 12.82,12.86 12.86,15.46
1171-134968-0026 0.15,5.89 6.29,7.82 8.04,8.22 9.75,12.91
1175-126220-0044 0.56,5.99 7.07,10.04 10.11,10.26 10.28,10.3 10.32,10.99 11.16,11.8 11.85,11.88 11.98,12.4 12.51,12.81 14.01,14.51
1175-126221-0032 0.34,1.27 1.51,3.45 4.29,5.05 5.26,5.58 6.22,7.18 8.34,9.53 10.56,13.1 13.14,13.77
1179-138367-0006 0.48,2.19 4.38,5.17 5.36,5.91 5.94,7.23 7.91,11.01 11.13,11.88
118-124588-0006 0.23,0.6 0.72,2.55 3.33,4.95 5.25,9.35 9.87,13.43 13.96,15.64
118-47824-0059 0.6,3.6 4.02,4.84 5.24,8.23 8.65,9.87 10.26,13.1
1182-134316-0007 0.23,3.92 4.77,5.7 6.01,6.09 6.12,7.96 8.0,8.47 8.85,9.68 9.84,10.52 10.7,13.05 13.46,14.13 14.27,14.34 14.36,14.78 14.94,15.51
1182-134981-0032 0.51,2.16 2.19,3.48 4.49,4.86 5.03,7.25 8.55,9.4 10.05,10.83 11.32,13.76 14.1,14.49 14.56,14.61 14.61,14.91
1184-135532-0034 0.27,2.08 4.11,4.62 4.91,5.76 6.12,6.84 6.97,8.1 9.33,10.41 10.9,11.61 11.78,13.7 14.14,16.16
1184-135540-0007 0.54,1.95 2.1,2.96 3.44,6.17 7.59,8.45 8.84,10.63
1187-136220-0033 0.03,8.09 8.09,16.92
119-129513-0004 0.27,2.7 3.19,4.23 4.58,5.71 6.15,7.28 8.41,9.6 9.93,10.52 10.86,11.37 12.03,12.88 13.19,14.51 15.04,15.71
119-129514-0032 0.14,1.26 1.84,3.29 3.54,4.61 4.79,5.82 5.87,8.19 8.4,9.0 9.26,9.66 9.88,11.12 11.37,12.38 13.1,14.14
1195-130164-0045 0.48,1.6 2.15,5.97 6.88,9.68 10.34,13.47 13.89,14.71
1195-37134-0006 0.17,1.7 1.83,3.5 3.77,7.86 7.98,8.27 8.58,9.2 9.57,11.13 11.28,13.79
1200-135059-0011 0.26,0.41 0.57,2.82 2.98,3.42 3.72,5.64 5.99,6.84 7.12,7.65 8.18,9.26 9.42,12.35 12.84,14.34
1200-135068-0018 0.09,2.06 2.4,3.36 3.65,4.62 5.12,8.01 8.97,11.41 11.65,12.99
1212-75242-0001 0.49,1.09 1.5,4.37 4.98,10.1 10.98,14.49
122-129752-0000 0.23,0.8 1.06,2.55 3.45,4.74 5.29,6.95 7.89,9.2 9.99,11.43 12.0,12.99 13.57,15.77
1222-133834-0015 0.15,0.94 1.0,1.05 1.11,2.42 3.42,3.69 4.26,5.55 6.12,9.59 9.88,11.01 11.6,12.64 12.99,13.24 13.39,14.64 15.04,15.88
1222-141174-0020 0.23,3.99 4.29,6.69 7.05,11.62
1224-121064-0019 0.15,1.7 2.58,3.71 4.21,6.74 7.58,8.27 8.28,10.48 11.6,13.68 13.9,14.7
1224-121064-0092 0.28,3.75 4.17,5.57 5.64,7.54 7.91,8.89 9.18,11.04 11.18,12.12 12.48,14.51
1225-129526-0035 0.2,1.09 1.4,2.12 2.54,4.67 5.37,7.28 8.37,9.03 9.15,9.4 9.72,10.68 11.01,11.64 11.7,12.03 12.99,13.66 13.79,14.67
1225-129802-0025 0.23,1.73 1.77,2.16 3.63,4.91 5.5,8.03 8.62,9.99 11.25,12.04 12.26,12.72 13.2,14.34
1226-141270-0014 0.12,8.89 9.33,12.45
123-25081-0003 0.27,2.58 2.98,4.04 4.04,4.07 4.41,7.12 8.47,8.98 9.12,10.44 11.79,12.86 13.26,14.51 15.06,15.33
123-25084-0028 0.26,1.41 1.56,1.91 3.13,3.93 4.2,5.19 5.58,7.07 8.79,10.29 10.96,11.65 11.74,13.3
1230-1068-0019 0.24,2.82 3.29,6.13 6.71,7.17 7.93,9.13 10.2,11.7 12.71,13.68 13.89,14.61
1235-135883-0018 0.21,1.56 2.61,4.62 4.93,6.48 7.77,9.35 9.42,11.25 11.76,13.24 13.74,15.02
1235-135884-0028 0.27,4.11 4.61,6.57 6.95,8.87 9.21,9.44 9.55,10.86 11.18,12.27
1239-138254-0014 0.14,1.36 2.12,4.72 5.99,8.78 9.16,12.63 12.64,13.2
1241-121103-0033 0.24,4.47 5.13,6.5 7.38,9.49 9.64,10.37 10.79,12.95
1241-137614-0016 0.21,1.47 2.04,4.17 4.44,7.11 7.92,11.28 11.74,13.79 13.9,14.32
1246-124548-0039 0.24,2.15 2.28,2.48 2.64,3.99 4.28,6.74 7.54,7.93 8.22,9.4 9.73,11.25 11.96,14.32
1246-135815-0001 0.23,0.41 0.56,1.23 1.35,3.83 4.41,6.42 6.72,8.79 9.38,10.96 11.34,14.13
125-121124-0045 0.56,2.88 3.36,4.63 5.07,6.57 7.0,8.93 9.35,11.43 11.79,14.18
125-121342-0031 0.26,0.63 1.19,2.64 3.25,5.0 5.33,8.71 9.02,9.07 9.09,9.44 9.49,10.77 12.35,12.84 13.05,14.16
1250-135777-0043 0.09,3.04 3.4,5.03 5.26,5.83 6.17,6.74 6.81,9.87 10.1,10.19 10.7,11.6 11.78,12.84 13.04,15.18
1252-134983-0028 0.3,1.12 1.6,3.29 4.61,9.4 9.53,9.86 10.39,11.54 12.07,12.48 12.9,13.99
1258-135062-0013 0.38,0.89 1.16,2.82 4.53,5.67 6.2,7.16 8.25,11.32 12.44,14.18
1258-135063-0030 0.68,2.38 3.44,5.85 6.12,6.41 7.7,10.79 10.98,11.32
1259-137770-0039 0.36,2.81 3.13,4.56 4.67,4.84 5.36,7.37 7.71,10.34 10.65,12.95 13.11,15.16
1259-72927-0025 0.24,1.84 2.43,5.14 5.49,7.0 7.0,8.76 9.57,10.8 10.86,12.02 12.49,14.28
126-125084-0038 0.48,5.14 5.16,6.0 6.97,8.1 8.22,8.79 9.54,10.21 10.29,12.18 12.46,12.81 12.93,13.08 13.44,14.09
1260-139267-0030 0.6,3.13 3.66,4.62 5.01,6.6 6.93,9.72 10.19,13.21
1261-136350-0016 0.18,2.34 2.97,5.07 5.76,6.62 7.02,7.71 7.8,8.09 9.53,11.43 11.98,14.58
1263-138246-0023 0.38,1.59 2.06,3.27 3.44,4.32 4.41,5.12 5.49,6.03 6.25,7.37 7.75,9.16 9.21,10.02 11.67,12.87 13.61,14.87
1264-129805-0010 0.48,2.08 2.5,5.38 5.78,6.84 7.37,10.06
1264-135033-0000 0.15,2.13 2.4,4.67 4.93,7.65 8.56,9.9 10.26,12.11 12.62,15.21
1265-135635-0012 0.49,4.02 4.3,7.33 8.05,10.81 10.9,10.95 11.01,13.83 14.01,15.59
1265-135635-0071 0.24,2.17 2.34,3.77 4.44,7.09 7.21,7.79 8.58,12.55 12.69,15.26
1266-135837-0008 0.26,1.77 1.89,2.16 2.64,5.59 5.59,6.48 7.09,9.16 9.59,10.52 10.79,13.12 13.74,15.39
1266-136524-0034 0.1,4.25 4.71,7.46 8.19,11.4 12.18,15.35
127-129390-0005 0.28,1.65 2.28,2.9 3.5,4.8 5.08,5.4 5.62,5.96 7.37,10.01 10.63,12.91 13.21,14.05
1271-128145-0016 0.53,1.73 2.42,3.29 4.07,4.83 7.8,9.0 10.32,11.09 11.34,12.31 12.57,12.88 13.05,13.54
1271-133279-0037 0.28,1.98 2.15,2.6 3.21,4.3 4.53,5.83 5.88,6.67 7.53,8.78 8.91,11.52 12.53,12.81 13.06,15.54 15.59,15.68 15.78,16.11 16.34,16.75
1274-121770-0022 0.36,2.22 2.85,4.0 4.16,4.71 5.54,7.28 8.74,9.86 10.06,11.23 11.96,13.28
128-121911-0009 0.56,3.09 3.46,5.79 7.2,9.68 9.93,11.98
128-134884-0030 0.36,2.61 3.06,5.08 7.53,8.47 9.18,13.12
1283-136983-0053 0.18,2.48 2.6,3.73 4.44,4.5 4.53,7.79 8.01,9.64 9.96,10.94 11.12,11.14 11.14,11.31 11.32,12.6 12.63,14.09
1289-288043-0052 0.21,3.48 3.71,6.42 6.46,10.17 10.5,12.79 13.57,14.91
1290-135762-0090 0.33,0.85 2.1,4.41 4.91,5.61 5.7,6.42 7.46,8.14 8.28,9.09 9.12,9.39 9.54,9.9 10.43,10.79 10.9,11.94 11.98,13.21 13.7,14.46 14.51,15.22
1291-138109-0006 0.32,4.21 4.96,6.67 6.87,8.09 8.62,12.31
1291-138273-0024 0.36,5.4 6.11,9.38 10.05,13.23
1296-134434-0030 0.38,1.41 1.56,1.92 2.54,3.54 3.66,4.49 5.58,7.75 8.22,9.44 9.91,14.1
1298-142233-0040 0.41,2.29 3.13,4.68 5.05,7.3 7.84,10.81 12.29,15.13
1311-134176-0004 0.54,2.49 2.61,3.87 4.02,5.71 6.22,9.2 9.29,9.62 10.62,11.88
1311-134176-0054 0.49,2.43 2.61,3.46 4.18,5.82 6.17,6.79 7.41,8.88 9.0,10.53 12.2,12.91 13.06,14.4 14.4,15.38
1313-135022-0016 0.24,2.58 3.08,5.64 6.69,8.31 8.67,9.54 9.87,12.63
1316-132782-0003 0.39,1.36 2.44,4.14 4.47,7.75 7.77,8.88 9.33,11.05 11.12,11.61
1316-132800-0007 0.43,2.16 2.17,2.94 3.35,3.45 3.46,5.87 6.66,8.84 9.26,10.12 11.18,12.09 12.51,15.26
1322-137588-0002 0.21,1.53 1.57,2.81 2.97,5.85 6.55,8.88 8.98,9.86
1322-137589-0002 0.33,1.05 1.14,2.81 4.0,4.96 5.38,7.28 7.83,9.24 9.4,11.69 11.88,13.04
1323-138617-0012 0.24,3.29 4.0,6.39 6.87,8.67 9.33,11.18 11.73,13.21
1323-149236-0029 0.45,0.82 0.89,1.57 1.92,2.97 2.98,3.46 3.87,5.24 5.96,7.93 8.0,8.76 9.15,9.75 9.79,11.12 11.49,13.8 13.83,15.64
133-143240-0017 0.47,0.89 0.89,1.74 2.07,2.29 2.46,2.67 2.92,3.46 3.56,3.69 3.71,4.0 4.89,5.25 5.58,6.42 7.74,8.04 8.36,9.06 9.36,9.84 10.57,11.04 11.04,11.21 11.41,11.7 12.38,12.93 13.21,13.39 14.12,14.34 14.36,14.52 14.8,15.29
1331-155891-0006 0.15,1.88 2.01,3.33 3.44,5.05 5.37,8.05 9.12,12.16
1331-155892-0021 0.33,0.99 1.0,4.77 5.82,6.24 6.84,8.4 8.71,11.43 12.79,15.93 15.93,16.45
1334-135589-0035 0.1,2.27 4.29,5.01 5.29,5.73 6.0,7.47 8.58,9.97 10.53,11.04 11.25,11.93 12.06,13.34 13.79,14.67
1334-135589-0092 0.21,3.02 4.32,5.01 5.49,7.09 7.16,7.79 9.09,10.99 12.63,13.08 13.79,14.89
1336-138113-0020 0.32,2.15 2.21,3.96 4.89,5.13 5.4,7.21 7.21,7.74 8.23,10.15 10.15,10.29 10.35,12.71 12.87,12.9 13.24,15.66
1336-138115-0007 0.58,2.81 3.27,5.45 5.94,6.66 7.68,9.64 9.66,10.66 11.67,15.09
1337-10673-0024 0.61,2.46 2.49,3.44 3.83,4.41 4.46,4.83 5.24,6.72 7.29,9.59 10.12,11.28 11.64,13.46
1337-10674-0036 0.39,2.77 3.35,5.68 6.32,9.6 10.19,11.04 11.98,13.62 14.07,14.71
1341-9206-0023 0.49,2.29 2.37,5.03 5.52,8.43 8.73,9.21
1341-9206-0073 0.53,2.01 2.46,2.88 3.73,4.28 4.39,5.64 7.23,8.76 9.21,11.1 12.55,13.23 13.65,14.87
1341-9206-0131 0.54,2.34 2.94,4.92 6.78,8.62 9.26,11.87 12.39,14.71
1342-133248-0021 0.43,1.44 1.78,3.02 3.17,3.85 4.08,4.63 4.75,5.58 5.75,6.24 7.25,8.25 8.37,10.06 10.44,12.0 12.06,12.51 12.86,13.05
1343-139681-0020 0.48,1.75 1.94,3.23 3.94,4.96 5.76,7.41 8.16,9.9 10.08,11.54 12.13,12.78 12.91,13.88
1343-158796-0001 0.38,5.0 5.83,7.14 7.28,10.21 10.74,12.86 12.91,13.79
1347-164338-0017 0.3,1.06 1.2,1.84 2.06,3.72 4.39,5.37 5.61,7.46 8.01,10.26 10.41,10.66 10.68,11.58 12.33,12.95 13.3,13.63
1348-135826-0031 0.36,2.67 2.94,5.46 5.73,9.18 9.87,12.27 12.45,13.04
1348-135832-0034 0.3,1.49 1.77,3.1 3.44,4.47 4.92,7.16 7.3,8.7 8.71,9.75 10.39,10.8 10.89,12.51
1349-135891-0045 0.17,0.57 0.6,1.81 2.43,5.91 5.99,6.46 7.77,14.09 14.28,15.12
1353-122456-0038 0.2,2.81 3.0,3.39 5.1,6.46 6.55,6.62 6.71,6.79 6.86,7.12 7.3,7.86 7.88,7.92 8.04,8.1 8.1,8.67 9.18,9.68 9.69,10.41 10.5,11.8 11.85,12.36 13.05,13.44 13.46,14.58
1355-39947-0011 0.39,1.78 2.13,4.35 4.92,6.72 7.53,10.21 10.46,12.22 12.71,15.16
1355-39947-0063 0.21,2.42 2.96,3.78 4.35,7.46 7.71,8.51 8.54,8.69 9.18,10.14 10.38,12.78
1363-135842-0019 0.39,4.23 4.51,8.1 8.43,12.75 14.01,15.3
1363-139304-0019 0.24,3.75 5.45,10.26 10.74,15.06
1365-134804-0028 0.3,1.53 1.97,3.06 3.52,4.42 4.65,5.1 5.26,5.8 6.04,8.52 9.46,12.02 12.22,14.18
1365-134830-0042 0.18,4.39 5.22,6.67 7.2,8.97 9.53,12.68
1367-291968-0026 0.36,1.02 1.25,2.83 3.24,3.62 3.77,5.1 5.26,5.46 6.03,7.89 8.1,8.84 9.97,12.03
1370-138531-0031 0.18,0.94 1.17,2.06 2.42,3.46 3.93,6.42 6.66,7.09 9.03,9.24 9.73,10.12 10.3,11.56 12.45,12.73 12.9,13.71 13.85,14.18
1373-132103-0045 0.12,0.48 0.58,0.69 0.72,0.8 0.81,1.75 2.79,3.62 3.66,3.75 5.17,5.49 5.83,6.62 6.72,7.39 8.19,9.12 10.65,11.22 11.38,12.15 12.29,12.57 13.05,13.83 14.6,15.21
1373-135029-0038 0.24,1.73 2.98,3.31 3.42,5.24 6.81,7.56 7.79,8.58 8.89,9.06 9.35,11.14 11.23,11.32 11.37,11.71 11.91,12.09 13.29,14.93
1374-133833-0034 0.18,2.08 3.25,4.74 5.17,5.97 6.48,9.09 9.55,10.57 11.09,11.61 12.62,13.86 14.49,16.12
1379-130486-0014 0.54,3.13 5.1,8.61 10.59,13.81
1379-130530-0025 0.56,2.46 4.63,5.91 7.91,10.06 11.61,13.79
1383-130489-0020 0.56,1.91 1.95,2.07 3.31,4.86 6.01,8.05 9.33,10.71 11.7,12.81 12.81,13.79
1383-130533-0001 0.63,2.23 4.23,5.59 7.75,9.11 11.23,12.54
1384-130459-0014 0.41,1.32 1.57,2.07 2.28,2.97 3.46,4.28 5.82,6.84 7.44,8.18 8.29,9.38 9.46,9.57 9.59,9.68 10.79,12.31 12.44,13.19 13.37,13.66 13.83,14.09
1384-130462-0010 0.2,2.1 3.4,5.91 6.84,9.49 10.56,12.69 12.69,13.08 13.15,13.71
1387-130989-0007 0.27,4.98 5.13,6.27 6.64,9.62 9.87,10.29
1387-130993-0020 0.48,2.31 2.43,5.62 6.33,9.75 10.57,16.05
1390-130493-0005 0.54,2.23 2.9,3.39 4.53,6.72 7.39,7.96 8.03,8.78 8.8,9.42 9.96,10.41 10.47,10.81
1392-128240-0019 0.41,0.92 1.03,2.22 3.13,3.65 3.77,4.33 5.14,5.96 6.43,7.44 7.92,8.47 9.44,11.67 12.66,13.08 13.63,14.69
1392-135659-0034 0.56,1.3 1.5,1.89 2.46,3.06 3.48,4.56 5.31,6.2 6.75,8.62 9.4,10.83 10.95,11.61 12.22,14.38 14.51,15.21
14-208-0048 0.26,1.54 1.67,2.6 2.91,3.29 3.78,5.33 6.09,7.98 8.0,8.14 8.14,9.07 9.09,9.12 10.89,11.91 12.35,14.27 14.46,14.67
14-212-0044 0.32,4.08 4.79,5.55 7.0,8.6 8.96,10.34 10.62,12.2 12.46,13.48 14.61,15.31
1401-174511-0007 0.54,2.6 2.82,3.63 3.92,6.62 7.0,8.64 9.4,12.54 13.01,14.18
1403-135907-0009 0.2,1.84 2.08,2.6 2.75,3.65 4.56,6.0 6.03,6.86 7.02,8.01 8.16,8.23 8.8,10.02 11.55,13.2 13.29,14.31 14.56,15.72
1413-121799-0033 0.32,13.66
1413-121799-0103 0.21,3.52 3.75,15.13
1414-130538-0028 0.57,2.62 3.79,5.64 6.64,8.56 9.68,11.89 13.02,15.13
1417-1536-0018 0.12,2.29 2.31,3.56 3.87,8.84 9.16,9.6 9.62,11.19 11.19,11.7 11.82,14.93
1421-8522-0035 0.27,2.67 2.88,4.53 5.12,7.04 7.28,9.55 9.75,12.87
1421-8539-0010 0.2,2.79 3.1,4.28 4.83,5.61 5.71,8.69 9.02,12.33 12.42,15.06
1422-146123-0020 0.3,2.6 2.96,5.22 5.92,7.33 7.38,10.14 10.43,12.11 12.77,15.62
1425-139290-0000 0.48,0.9 2.37,3.02 3.27,3.6 3.84,4.72 5.21,5.4 5.59,5.87 5.91,6.78 7.58,8.27 9.22,10.01 10.01,10.99 11.41,13.19 13.35,13.38 13.5,13.61 13.65,14.14
1425-139291-0014 0.26,1.78 1.84,4.16 4.88,8.88 9.78,11.94 12.0,12.46
1430-1061-0056 0.53,0.89 1.08,1.5 1.78,2.16 2.21,3.08 3.73,5.62 5.8,6.08 6.79,8.27 9.2,9.87 10.08,11.38 11.98,12.79
1444-133287-0006 0.36,2.56 3.48,7.59 8.12,9.31 10.19,13.3
1445-139387-0019 0.09,3.35 4.46,7.29 7.83,8.05 8.65,10.35 12.12,14.37
1445-139397-0026 0.54,3.78 4.05,5.87 5.88,5.94 5.94,6.06 6.32,7.39 7.84,8.84 8.93,9.66 10.02,10.71 11.01,11.69 13.86,15.18
1446-122614-0016 0.2,2.01 2.17,4.41 4.96,9.45 9.91,12.95
1446-122614-0069 0.56,3.04 3.46,6.63 6.84,7.98 8.04,8.16 8.4,9.33 9.62,10.94 12.02,14.09 14.22,14.46
1447-130550-0013 0.61,2.01 2.01,2.22 2.23,3.29 5.43,6.92 6.95,8.01 8.18,9.03 10.99,13.04
1448-135894-0010 0.43,2.0 3.5,3.65 3.81,6.67 6.99,9.54 10.35,13.23 14.03,15.3
1448-135894-0068 0.56,4.46 4.61,5.62 5.73,6.3 6.36,6.93 7.3,7.59 8.19,11.55 12.22,13.14 13.62,15.03
1455-134435-0010 0.48,2.67 3.29,4.08 4.29,5.57 5.62,5.67 5.75,7.12 7.33,8.74 8.78,9.64 10.89,14.12 14.16,14.52
1455-138263-0005 0.24,1.29 2.25,3.69 3.72,7.86 7.88,8.55 9.57,11.34 11.78,12.39
1456-130544-0011 0.53,2.04 5.57,7.47 9.82,10.86
1456-130553-0013 0.72,2.42 2.46,3.35 5.38,6.71 6.83,7.98 8.12,8.31 10.29,10.79 10.92,13.19
1460-138289-0006 0.34,4.08 4.16,4.83 6.6,7.5 7.58,8.32 8.46,8.97 9.02,9.93 9.97,11.18 11.58,12.35 12.44,14.36 14.45,14.87 14.89,15.3
1463-134463-0007 0.39,1.47 1.92,3.17 4.46,7.39 7.8,9.06 9.06,9.82 10.56,12.07 12.72,13.17 13.29,14.07 14.14,14.76
1463-134465-0011 0.24,0.73 0.9,1.62 2.82,4.42 4.54,6.46 7.39,9.51 9.95,11.29 11.31,12.02 13.02,13.63 13.63,14.23
1469-163403-0009 0.36,5.1 5.45,5.7 5.79,5.87 5.89,7.09 7.5,12.33
1469-168608-0032 0.21,1.26 1.68,2.64 3.15,3.63 4.74,5.61 6.93,8.78 9.79,12.95
1472-139797-0026 0.41,3.5 3.96,9.03 10.08,13.92
1472-285314-0016 0.54,3.81 4.02,4.11 4.21,4.98 5.57,7.42 7.42,7.82 8.89,10.61 10.74,10.99 11.56,14.03 14.07,16.0
1473-135657-0026 0.2,2.71 2.77,3.51 3.56,3.84 3.85,4.83 4.86,7.46 7.71,8.76 9.06,11.71 12.63,14.22 14.62,15.4
1474-128275-0024 0.57,4.26 5.1,6.96 7.54,9.49 10.59,11.55 12.18,13.08
1474-128276-0042 0.33,1.41 2.75,3.71 4.5,5.1 5.42,6.15 8.71,9.15 9.84,11.58 12.68,13.14 13.43,14.67
1482-140067-0004 0.34,1.53 1.7,2.98 3.35,5.25 6.13,8.55 8.62,10.12 10.59,13.99
1482-140071-0018 0.17,4.28 5.45,7.28 7.54,9.45 10.04,12.03 12.42,14.18
1485-121385-0006 0.34,3.29 3.65,5.89 6.29,8.64 8.85,12.64
1485-121385-0069 0.34,2.38 2.56,5.71 6.04,9.07 9.95,12.55
1487-133273-0007 0.56,5.25 5.49,6.79 8.56,10.65 10.8,11.27 11.41,12.71 13.12,14.7
149-125760-0024 0.28,0.53 1.0,1.74 2.27,2.73 2.85,3.51 3.9,4.39 4.53,4.93 5.52,6.92 7.68,8.07 8.52,8.88 9.06,9.21 9.35,9.55 9.86,10.3 10.37,11.09 11.31,11.87 12.0,12.36
1492-11251-0022 0.15,1.57 2.13,4.71 4.74,6.96 7.5,10.81
1492-55449-0005 0.23,0.61 0.73,1.57 2.34,5.0 5.43,6.25 6.39,10.32 10.59,11.76 12.12,13.61 13.77,15.44
1492-55449-0053 0.53,3.96 4.39,7.28 7.79,10.46 11.13,13.9
1495-138027-0065 0.06,3.39 3.85,4.84 5.45,6.71 7.35,9.16 9.42,13.15
1498-140040-0003 0.28,2.13 2.76,5.49 6.03,8.22 8.37,8.67 9.2,11.7 12.3,12.6 12.64,12.73 12.79,13.98
1498-140041-0028 0.53,3.02 3.29,6.27 6.9,8.27 8.4,9.96 9.99,12.39
1502-122619-0028 0.54,2.85 4.05,4.93 6.03,6.36 6.54,8.64 9.12,9.96 10.74,12.51 12.62,14.23
1505-1303-0011 0.39,2.28 2.48,3.75 4.5,5.33 5.47,6.45 6.96,11.58 13.43,15.11
1505-1303-0067 0.54,0.61 0.61,1.77 2.0,2.61 2.75,5.22 5.66,6.83 7.63,9.53 9.78,11.65 12.39,14.4
1509-143477-0002 0.2,2.28 2.37,4.0 4.74,6.42 7.0,7.29 7.42,8.55 9.42,10.39 10.43,11.52 11.56,11.89 12.62,13.59 13.89,14.56 14.56,14.89
1509-143477-0061 0.36,1.32 2.46,4.71 5.31,6.0 6.41,6.74 7.42,8.32 9.22,10.99 11.47,12.51
151-125753-0071 0.54,3.23 3.75,4.71 4.95,6.54 7.28,9.02 9.2,10.34
1513-140222-0014 0.38,2.21 3.23,6.58 7.46,8.47 9.86,10.5
152-183930-0003 0.12,4.07 4.23,4.42 4.51,5.22 5.34,6.34 7.16,9.38 9.88,11.13 11.22,12.99 13.65,13.8 13.81,15.06
152-87733-0011 0.2,6.36 6.58,6.78 6.97,10.17 10.47,15.55
153-126651-0032 0.58,1.36 1.8,4.25 4.92,7.16 7.16,9.78 9.93,12.68 12.87,15.44
153-126652-0041 0.21,1.62 2.56,3.45 4.32,4.44 4.67,8.34 9.04,11.05 12.15,12.31 12.68,15.9
1535-141642-0001 0.18,2.6 2.9,4.54 6.54,8.09 8.28,9.44 10.01,12.36
1535-141644-0009 0.14,1.35 2.16,3.87 4.32,6.01 6.84,7.88 8.09,9.78 10.17,11.37 11.58,12.68
1536-137608-0013 0.21,2.27 2.33,2.9 3.3,5.7 6.0,7.88 8.25,10.24 10.32,12.29 13.48,15.26
154-123998-0009 0.28,1.32 1.59,2.35 3.52,6.58 6.66,6.78 6.99,7.92 8.21,9.59 9.72,10.96
154-124003-0017 0.53,2.19 2.6,3.09 3.73,7.16 8.31,9.53 9.84,11.67 12.13,13.83 14.16,15.06
1544-121405-0018 0.43,1.64 2.19,3.9 4.61,5.83 6.45,7.96 8.05,9.81 10.1,10.32 10.44,11.01 11.64,14.32 14.7,16.0
1544-41167-0002 0.54,4.07 4.92,5.45 5.64,6.2 7.26,10.99
1547-130184-0006 0.21,1.73 2.58,3.96 4.29,6.84 7.82,8.62 8.87,9.22 9.55,11.54 11.89,12.73
1547-130184-0070 0.51,3.45 3.99,5.17 5.45,6.66 7.08,9.81 10.2,10.98 11.19,11.4 11.62,12.36
1552-141135-0031 0.54,1.33 1.51,2.49 2.77,5.94 6.79,8.05 8.07,8.58 8.87,9.97 10.23,12.48
1553-140048-0040 0.18,4.74 5.71,8.18 8.29,9.73 9.77,10.06 10.19,12.38 13.35,13.7 13.94,14.21 14.25,16.45
1556-143307-0017 0.45,2.04 2.07,2.62 2.92,3.38 3.67,6.6 7.23,8.45 8.67,11.31 11.71,13.14
1556-143307-0066 0.12,1.74 1.83,4.11 5.22,7.53 7.95,10.85 11.18,11.55 12.04,15.15
1559-139353-0010 0.18,0.96 1.43,4.02 5.67,9.59 10.04,12.15 12.68,14.94
1564-142299-0023 0.06,0.45 0.57,2.19 2.77,3.84 5.01,6.41 6.54,7.0 7.23,7.79 8.18,10.81 10.85,12.44
1564-142299-0086 0.48,1.89 1.94,2.35 3.57,4.62 4.98,5.42 5.57,6.92 7.68,8.74 9.72,11.76 13.21,15.63
1566-133291-0035 0.57,4.25 4.72,6.38 6.76,11.85 12.29,12.33 12.63,15.13
1569-141081-0020 0.47,1.26 1.6,3.83 3.87,4.96 5.49,8.79 8.79,8.84 9.46,9.77 10.11,11.12 11.49,13.52
1569-141082-0006 0.33,3.46 4.18,6.6 7.42,10.05 10.98,13.34
157-121899-0019 0.27,1.74 2.0,2.4 4.0,6.36 6.58,7.42 7.58,8.22 8.88,9.29 9.48,10.23 10.24,10.86 12.18,13.94
157-126796-0033 0.23,1.64 1.88,2.43 3.21,4.62 5.99,7.26 8.09,9.33 9.55,10.85 11.93,13.17
1571-138486-0033 0.3,1.19 1.44,2.69 3.9,8.93 9.97,12.03
1571-141320-0029 0.28,0.87 0.9,1.36 2.16,3.29 3.45,4.37 4.56,5.42 6.09,8.61 9.21,11.04 11.45,13.08 13.2,13.79 14.74,15.27
1572-141715-0032 0.32,3.19 3.46,3.65 3.79,4.53 4.75,5.47 6.06,8.61 8.89,10.95 12.09,12.71 12.82,15.11
1578-140045-0007 0.15,2.44 2.48,4.3 5.82,11.82
1578-140049-0034 0.48,0.92 0.96,4.28 4.83,8.12 8.93,10.05 10.52,12.81 13.38,15.49
1579-128131-0007 0.24,1.22 1.65,2.69 3.33,3.92 4.56,5.58 5.78,6.21 6.34,7.72 8.23,9.51 9.91,9.97 11.71,12.6 12.69,13.41 14.03,14.93 15.15,15.45
1579-128140-0013 0.23,1.86 2.85,3.42 3.5,5.08 5.22,5.52 7.38,7.77 7.88,8.28 8.38,8.94 9.57,9.86 9.93,10.76 11.8,12.59 12.78,14.04
1579-128155-0023 0.49,0.99 2.25,2.79 3.72,4.56 5.14,5.85 6.48,6.58 6.66,7.29 7.44,7.51 7.59,7.65 7.89,8.23 9.99,10.43 10.7,10.88 11.03,11.18 11.97,12.55 12.63,12.73 12.77,12.84 12.95,13.3 13.48,14.32
159-135897-0000 0.49,1.46 1.77,2.52 2.96,3.75 4.11,4.71 6.3,7.54 8.4,9.51 9.6,9.9 9.9,11.31 12.21,12.64
159-135897-0063 0.43,0.85 0.87,1.26 1.32,1.8 2.08,2.6 2.73,3.94 4.82,5.36 5.4,6.57 7.28,7.68 7.77,9.75 10.81,11.09 11.18,12.15
1593-94847-0020 0.56,3.19 3.81,4.33 4.88,6.36 6.41,6.78 7.72,9.26 10.04,10.94 12.26,13.77 13.89,15.15
1594-135914-0033 0.23,1.88 2.5,5.13 5.71,8.88 8.91,10.68 11.58,12.18 12.31,13.05 13.26,13.47 13.59,13.63 13.72,13.98
1594-135914-0107 0.1,0.89 1.06,1.84 1.97,4.02 4.44,5.97 6.0,7.58 7.77,8.22 8.32,9.84 10.21,10.44 10.86,10.99 11.03,11.98 12.29,12.93 13.02,14.25 14.41,16.18
1595-132753-0034 0.12,1.26 1.44,3.15 3.4,6.42 6.42,8.89 9.6,10.24 10.37,12.3 12.45,13.89 14.64,15.59
16-122827-0026 0.56,1.05 1.12,5.25 5.38,5.8 6.62,7.96 8.82,9.15 9.31,11.79 12.06,12.51 12.54,14.91
16-122828-0026 0.2,2.64 3.58,5.14 5.16,5.21 5.28,5.33 5.38,6.96 7.16,9.69 9.88,10.47 10.53,11.27 11.36,12.07 13.28,13.54 13.77,15.15
1601-136848-0029 0.18,1.95 2.38,3.87 4.17,6.38 7.42,10.83 11.23,13.37
1607-149245-0000 0.26,0.99 1.25,1.6 1.67,2.65 2.7,3.24 3.85,5.24 5.26,5.54 5.75,6.04 6.51,6.96 8.03,8.71 8.93,9.36 9.75,10.71 11.54,12.33 12.45,13.39 13.5,13.83
161-121743-0011 0.33,3.09 3.73,5.45 5.47,8.73 9.73,11.4 11.67,14.4 14.55,15.36
161-121898-0021 0.01,5.17 5.45,5.47 5.71,13.92
1614-13759-0038 0.36,2.29 2.79,4.33 4.68,5.94 7.09,9.6 10.34,11.36 11.47,12.06
1614-141486-0011 0.24,1.41 1.91,3.38 4.61,5.25 5.43,5.76 5.88,6.27 6.83,7.26 7.41,8.45 9.09,10.14 10.8,10.92 10.99,11.94 12.45,13.02 13.19,14.09 14.23,14.51
1618-32402-0005 0.36,1.65 1.7,2.9 3.19,4.02 4.12,5.42 5.67,6.25 6.38,6.69 7.0,8.7 9.03,11.82
1621-141592-0004 0.21,0.87 1.05,1.71 1.83,2.88 2.9,3.6 4.11,6.2 6.27,7.5 8.32,9.72 9.84,10.19 10.53,11.46 11.46,11.49 11.49,12.72 12.95,15.27
1621-141599-0048 0.15,1.25 2.73,2.85 2.85,5.64 5.67,5.8 6.09,7.5 7.95,9.59 9.6,10.37 10.74,11.32 11.51,12.6 13.57,14.34
1624-168623-0005 0.26,3.66 4.29,6.45 6.92,10.32 10.94,12.21 12.38,15.33
1629-139707-0006 0.26,3.83 5.08,7.91 8.22,9.91 10.26,12.3 12.79,14.78
1629-139710-0024 0.34,4.14 4.84,7.29 7.54,9.4 10.08,14.05
163-122947-0009 0.17,0.96 1.03,3.56 3.63,3.99 4.65,7.3 7.96,9.97 11.45,11.98 12.26,12.73 13.1,14.07 14.52,15.59
163-122947-0062 0.56,2.02 2.5,3.39 3.39,3.77 3.9,5.99 6.54,7.04 7.49,7.86 8.22,8.71 9.06,9.55 10.26,11.61 11.71,12.31 12.84,13.85
1633-141580-0016 0.42,1.64 1.77,4.65 6.71,8.82 8.97,9.64 10.02,10.26 10.46,10.66 11.12,12.63 14.28,16.18
1633-180292-0045 0.42,3.27 4.21,6.97 8.46,9.62 10.95,11.64 12.64,13.83 14.52,15.36
1634-141571-0045 0.14,1.35 2.5,4.3 4.38,4.49 4.56,5.76 6.0,7.89 8.25,9.51 10.06,14.27
1636-130501-0024 0.51,2.37 3.81,5.71 5.97,7.5 8.97,10.8 12.44,14.45
1636-141789-0016 0.21,2.17 2.43,4.58 5.45,10.17 10.5,12.09
1638-84447-0001 0.56,1.83 2.07,2.43 2.56,4.83 5.17,6.12 6.51,6.67 6.69,7.3 7.47,11.45 12.07,15.62
1638-84448-0017 0.23,1.0 1.36,4.79 5.01,8.41 8.61,11.18
1639-132848-0011 0.15,4.68 5.49,6.51 6.75,7.7 8.04,9.03 9.15,9.42 9.78,11.84 12.03,14.03
1641-130503-0011 0.57,2.81 3.83,5.5 6.53,7.74 9.49,11.98
1641-130505-0013 0.68,2.4 3.79,3.87 3.96,5.91 7.32,7.44 7.47,8.22 8.31,10.1 11.52,12.91 13.01,14.27
1643-138089-0057 0.24,1.86 2.56,4.8 5.01,5.38 6.67,8.29 8.67,10.95 11.94,13.3 13.35,13.5 13.53,13.86
1646-121408-0007 0.56,2.4 2.55,6.03 7.08,9.4 10.11,11.84
1646-121409-0018 0.28,2.43 3.44,5.66 6.06,8.61 9.18,10.56 10.61,11.01 11.13,11.22 11.22,13.08
1647-140649-0021 0.24,0.93 0.97,1.06 1.16,1.51 2.7,3.51 3.66,5.73 6.48,8.29 8.49,9.54 9.66,10.19
1647-142742-0003 0.23,1.73 1.94,4.37 4.82,6.32 6.67,8.88 10.19,13.92
1649-5776-0009 0.58,4.49 4.49,5.25 5.36,5.61 6.29,9.68 10.92,13.71
1649-68762-0025 0.1,2.04 2.12,2.43 2.65,5.22 5.58,6.54 6.92,8.47 8.6,10.43
1653-141272-0037 0.54,5.88 5.92,7.14 7.29,10.66
1653-142374-0008 0.47,3.56 3.88,4.46 4.47,4.51 4.54,6.84 7.09,8.51 8.93,9.66 9.71,9.77 9.86,11.91 12.84,14.76
166-126302-0015 0.39,6.22 6.43,7.46 7.65,9.54 9.97,10.01 10.01,10.32 10.39,10.86 11.38,12.29 12.66,13.52
1664-122623-0000 0.23,1.36 2.46,8.05 8.25,10.8 11.62,11.91
1664-122623-0059 0.39,4.47 4.96,10.21 10.65,13.79
1665-132826-0059 0.17,1.56 1.7,2.75 3.42,4.61 4.92,6.25 6.57,7.14 7.37,7.98 8.4,10.41 10.61,11.32 11.38,12.51 12.66,12.71 12.73,13.08 13.14,13.3 13.34,13.39
1668-136271-0008 0.14,5.5 6.6,8.13 8.23,10.12 10.35,15.21
1668-136280-0025 0.41,2.54 2.61,2.9 2.92,3.85 4.0,6.17 6.99,8.31 8.43,10.35 10.59,11.98 12.02,12.13 12.13,12.9 12.95,13.92 14.71,15.15
167-15255-0016 0.12,2.08 2.22,3.52 3.77,5.82 6.54,7.98 8.22,11.07 11.07,11.13 11.46,14.25
167-68704-0020 0.17,1.64 1.94,3.85 4.04,5.87 6.29,7.2 7.32,7.53 7.84,10.1 11.98,12.73
1674-142277-0029 0.24,2.16 2.69,4.59 5.21,6.17 7.21,8.96 10.14,11.05 11.25,11.78 11.96,12.45 13.14,16.08
1674-142277-0084 0.2,1.73 2.71,3.63 4.46,6.2 7.07,8.07 8.84,12.13 13.44,14.13
1678-142279-0064 0.56,0.92 1.03,2.07 2.22,2.79 3.24,6.34 6.38,7.26 7.32,9.36 9.39,9.69 10.05,11.82 12.48,14.31 14.43,14.87
1678-142279-0117 0.33,0.99 1.0,1.94 2.06,3.81 4.17,7.21 7.56,8.98 9.12,10.06 10.21,11.4 11.71,13.17
168-123450-0006 0.54,1.75 1.98,4.3 4.86,7.79 8.4,10.37 10.61,12.33 13.1,13.99
168-129245-0012 0.17,2.54 3.13,8.07 8.45,9.35 9.62,10.9 11.58,13.34 13.52,13.8 14.54,15.72
168-129246-0031 0.38,1.73 2.5,4.96 5.17,5.73 6.54,7.33 7.86,9.71 11.37,11.73 11.82,11.89 11.91,12.16 12.38,14.61 14.76,15.66
1681-142301-0041 0.54,1.41 1.83,2.65 2.87,4.07 4.82,5.89 5.89,7.42 8.61,9.09 9.33,9.53 9.72,10.8 11.51,12.95 12.96,14.03
1681-142313-0039 0.21,1.2 2.21,4.95 5.61,6.64 6.86,8.1 8.58,9.95 10.63,13.76 14.05,15.09
1685-146847-0043 0.18,2.4 3.0,5.0 5.33,8.41 8.64,9.77 10.43,12.16
1685-146849-0053 0.42,2.65 3.67,5.28 5.62,7.44 7.82,8.28 8.47,9.13 9.55,11.09 11.45,13.15 13.32,13.74 14.73,16.04
1690-142293-0071 0.38,2.69 2.69,4.56 5.42,6.99 7.23,9.93 10.06,12.39 12.78,12.93 13.11,13.79
1691-142296-0014 0.39,1.12 1.57,2.1 2.15,2.44 2.83,4.37 5.17,6.83 7.14,8.04 8.09,8.71 9.39,12.81 13.04,15.93
1691-142296-0082 0.54,2.25 3.46,5.17 5.52,7.21 7.86,12.48
1693-142302-0033 0.47,2.97 3.24,7.41 7.84,8.37 8.37,9.66 10.08,11.14 11.4,12.6 13.08,13.79 13.92,14.49
1696-142314-0049 0.57,1.56 1.7,2.38 4.0,5.46 5.57,8.51 9.82,11.22 12.3,14.78 15.0,16.02
1699-141159-0064 0.09,1.19 1.44,2.58 2.98,3.35 3.42,4.47 4.82,7.56 8.01,10.34 10.68,12.93
1699-141160-0020 0.15,1.7 2.61,4.72 4.74,7.91 8.18,11.54 12.33,15.75
17-362-0035 0.33,4.56 4.68,4.84 6.25,7.21 8.25,9.72 10.46,11.47
17-363-0015 0.39,1.0 2.44,3.38 4.56,5.58 5.91,8.51 9.71,12.59 13.54,15.26
1704-142310-0046 0.27,2.98 3.5,6.36 6.74,8.37 8.89,11.01 12.22,13.65 14.73,15.57
1705-142318-0004 0.56,3.27 3.79,6.48 6.9,7.38 7.82,9.72 10.17,12.6
1705-142318-0056 0.34,1.74 2.12,3.39 3.44,3.5 3.52,5.66 6.57,7.47 7.98,9.59 10.2,11.73 12.09,14.04
1708-142417-0012 0.56,3.67 3.9,6.45 6.83,7.07 7.16,7.8 7.89,9.48 9.86,11.69 11.93,13.05
1714-142291-0013 0.56,1.4 1.86,3.5 4.11,5.21 5.62,7.65 8.23,9.63 9.96,10.9 11.32,12.09 13.8,14.98
1715-142315-0001 0.0,14.28
1715-142315-0055 0.0,1.83 1.91,6.48 6.64,12.73
1715-142315-0105 0.07,0.2 0.49,1.62 1.62,2.15 2.25,2.75 3.4,3.69 3.94,4.05 4.11,4.2 4.35,5.17 5.42,5.45 5.46,5.49 6.15,6.53 6.58,8.65 8.82,9.03 9.04,9.07 9.62,10.71 10.95,11.07 11.14,12.2 12.26,12.69 12.77,12.9
1717-142305-0078 0.42,2.7 3.1,4.11 4.7,6.6 6.88,9.35 9.97,11.84 12.15,13.86
1721-142317-0059 0.27,0.99 1.11,1.47 1.91,4.84 4.98,5.34 7.04,9.68 10.54,12.71
1723-141149-0072 0.12,1.65 1.98,2.61 2.62,4.59 5.07,6.33 6.45,7.33 7.67,9.79 10.2,12.22
1724-395-0013 0.33,1.11 1.22,2.85 3.4,5.34 5.61,6.25 6.76,10.28 11.22,14.28
1724-395-0070 0.56,1.8 2.01,3.62 3.94,5.22 5.26,6.11 6.84,9.42 9.91,10.28 10.52,11.01 11.28,14.31
1726-142316-0012 0.41,1.98 3.29,4.47 4.82,8.25 8.54,8.7 8.73,9.09 10.08,12.9 12.96,12.99 13.02,15.4
1726-142316-0073 0.39,3.62 4.25,5.03 5.49,8.6 9.6,11.28 12.3,14.43
173-200-0021 0.32,1.54 3.1,4.35 4.5,8.23 8.36,8.64 10.29,13.12
1731-142320-0025 0.2,2.52 2.58,3.06 3.27,3.46 3.96,4.3 4.3,4.61 5.54,8.97 9.53,13.1
1734-142311-0021 0.48,1.67 1.92,7.14 7.8,9.77 10.85,12.78 13.46,16.04
1736-142281-0026 0.27,2.0 2.48,7.88 8.45,9.54 10.5,15.07
1736-152007-0039 0.34,2.28 2.94,3.17 3.33,4.12 5.64,6.9 7.72,9.12 9.31,10.2 10.57,12.79
1737-142396-0001 0.27,4.39 5.08,7.0 7.5,8.21 8.21,8.69 9.31,11.09 11.22,12.31
1737-146161-0002 0.21,0.96 1.84,2.04 2.19,2.35 3.81,4.29 4.93,5.34 5.62,6.41 6.64,6.93 8.58,8.84 10.02,10.66 11.27,11.46 11.61,11.8 12.49,13.34 13.34,13.39 13.98,14.52 15.24,15.79
1740-141148-0006 0.27,0.97 1.09,1.29 1.74,2.37 2.49,2.82 3.72,4.09 4.56,4.67 4.74,5.55 5.73,5.97 6.17,6.62 7.16,7.47 7.59,7.86 8.67,8.97 9.11,9.49 10.24,10.72 11.43,11.85 11.97,12.59 12.88,13.9
1740-141148-0068 0.54,0.92 0.97,1.26 1.35,1.54 1.92,2.28 2.38,3.62 3.78,3.99 4.2,4.86 5.66,5.85 5.85,6.25 6.36,6.86 6.96,7.88 7.96,8.8 9.11,9.4 9.59,9.9 10.1,10.43 11.1,11.67 11.74,11.84 12.06,12.49 12.78,14.14
1743-142913-0028 0.34,2.76 2.88,4.29 4.95,7.42 7.82,9.84 10.11,11.94 12.78,15.68
1746-143015-0025 0.14,0.45 0.58,1.12 1.25,1.92 2.48,3.0 3.09,3.45 3.73,4.0 5.31,6.13 6.6,8.0 8.74,10.63 10.76,11.23 12.54,13.34 13.89,14.74
1746-143015-0089 0.26,1.64 3.63,4.74 4.89,5.36 6.33,6.72 6.74,7.29 7.47,7.93 8.47,8.69 8.79,8.82 9.09,10.21 10.79,11.67 11.78,13.74
1748-1562-0004 0.15,1.32 2.49,3.87 4.39,5.62 5.75,6.36 6.75,7.54 8.65,9.44 9.79,10.19 10.3,10.83 11.13,13.74 14.07,15.78
1748-1562-0055 0.41,5.83 6.81,10.46 11.4,13.37
175-123036-0029 0.36,2.6 3.85,5.12 5.67,6.55 6.92,8.18 8.25,8.6 10.15,11.25 11.61,14.25
175-129587-0013 0.21,3.87 3.88,4.33 5.52,6.54 6.88,9.68 10.88,13.81
1750-135624-0112 0.48,1.09 1.17,5.25 5.64,7.05 7.46,9.84 10.52,14.23
1752-16632-0015 0.41,1.44 1.91,3.73 4.86,7.56 8.12,10.76 10.86,11.32 12.22,12.69 13.06,14.13
1752-16632-0069 0.47,2.25 2.29,3.99 4.39,6.0 6.41,8.07 9.0,12.71
1754-137004-0018 0.56,1.44 1.56,1.77 1.92,2.29 2.71,2.92 4.79,5.05 5.29,5.42 5.43,5.54 5.66,5.83 5.97,6.32 7.2,7.35 7.35,7.46 7.8,7.96 8.41,8.46 8.56,8.84 11.14,11.52 12.21,12.82 12.86,13.01 13.35,13.98 14.47,14.64
1754-140639-0032 0.53,2.52 2.92,3.1 3.46,3.78 4.46,4.7 5.73,5.92 6.09,6.3 6.67,6.97 7.12,7.29 7.77,8.19 8.65,8.93 9.46,10.11 10.38,10.5 11.01,11.47 11.7,12.18 12.97,13.56 13.77,14.23 14.37,14.76 14.89,15.46 15.75,16.11
1756-134819-0021 0.36,2.56 3.99,5.03 5.25,6.36 6.48,7.39 7.92,8.82 8.96,10.01 10.71,12.69 13.05,13.98 14.13,14.97
1756-134819-0084 0.48,1.6 2.73,4.0 4.21,5.62 6.13,6.67 6.88,8.25 8.69,9.91 10.28,12.2 13.28,15.18
1757-128127-0029 0.18,2.7 3.08,6.27 6.55,9.84 10.2,12.57
1757-128127-0086 0.23,4.46 4.75,7.25 7.68,12.2 12.78,14.54
176-122025-0035 0.28,2.94 3.36,5.66 5.97,8.55 9.46,11.16
176-123270-0029 0.38,1.5 1.62,3.46 3.46,6.74 6.87,8.21 8.38,9.68 10.61,12.78
1760-143006-0032 0.54,1.98 2.42,4.02 4.37,5.88 6.38,8.89 9.33,11.67 12.24,13.83
1760-143006-0082 0.45,2.76 3.73,5.24 5.64,6.21 6.22,8.07 8.82,10.79 11.4,12.3 12.78,14.38 14.54,15.71
1765-143010-0011 0.42,2.08 2.67,5.14 6.09,8.69 9.24,13.15 13.17,13.2
1767-142932-0022 0.0,15.71
1767-142942-0023 0.21,0.34 0.38,0.99 1.6,2.58 2.7,3.42 3.78,4.38 4.44,4.51 4.77,4.88 4.96,6.43 6.54,6.86 6.9,7.3 8.22,9.97 10.01,10.05 10.19,12.57 12.73,13.04
1769-143484-0020 0.38,3.21 3.25,6.34 6.34,6.43 7.0,13.99
1769-143485-0037 0.54,3.3 3.5,4.8 4.88,5.17 5.33,7.17 7.91,14.78
177-122839-0042 0.18,5.24 5.67,8.73 9.04,11.97 12.36,13.83 13.95,15.13
177-55218-0015 0.17,3.08 3.67,5.01 5.59,7.49 8.1,8.78 9.77,10.53 11.45,15.55
1772-135621-0035 0.24,0.39 0.57,0.92 1.09,1.33 1.73,3.04 3.08,3.24 3.46,3.67 4.07,4.95 5.0,5.36 5.66,6.55 7.38,7.68 7.79,8.16 8.23,8.79 9.13,9.59 10.23,10.37 10.39,11.32 11.58,12.0 12.16,12.42 12.51,12.59 12.71,12.82 12.84,13.21 13.46,13.81
1773-139602-0031 0.17,1.46 2.37,5.47 5.99,6.13 6.25,8.04 8.6,9.02 9.18,9.64 9.77,11.94 13.43,15.69
1773-145712-0035 0.12,2.62 3.08,5.28 5.82,6.46 6.57,8.51 8.76,10.99 11.61,14.22 14.36,16.08
1776-142744-0023 0.34,4.23 4.65,9.21 10.02,14.14
1777-142745-0013 0.51,5.28 5.71,9.36 9.6,12.39
1777-142750-0013 0.26,4.33 4.58,5.12 6.06,8.07 8.37,9.88 10.48,14.84
1779-142733-0010 0.57,1.88 2.12,3.24 3.31,3.87 4.21,4.59 4.63,6.36 7.05,7.41 7.56,7.79 8.34,9.09 9.26,9.91 10.74,11.4 11.45,12.02
1779-142733-0064 0.34,1.62 1.74,1.94 2.29,3.71 3.88,4.92 4.95,5.61 5.79,6.48 7.35,7.93 8.1,9.04 9.68,11.37 11.71,12.44 12.51,13.88
1784-142294-0014 0.18,1.83 2.1,2.31 2.31,2.4 2.48,2.54 2.65,3.77 4.59,5.34 5.94,6.92 7.35,8.98 9.02,9.44 10.05,10.92 11.07,11.65 12.04,13.01 13.06,14.64
1784-142294-0065 0.45,2.85 4.0,6.39 6.57,6.93 7.68,10.48 11.22,12.66 12.72,15.16
1789-137618-0025 0.21,1.74 2.04,4.98 5.66,7.3 7.58,8.62 9.02,9.54 9.75,11.62 11.85,12.69 13.1,14.78
1789-142896-0024 0.2,0.99 2.22,2.49 2.67,4.56 5.22,5.61 5.75,6.32 7.41,10.14 10.66,12.59 12.73,13.5
1795-142410-0025 0.2,1.16 1.49,2.91 3.66,6.62 7.14,9.07 9.21,10.11 11.18,12.64 12.79,13.04 13.12,13.68 14.49,15.54
1800-142858-0004 0.27,1.88 2.42,2.52 2.56,3.96 5.28,6.69 6.9,7.08 7.71,8.34 8.55,8.61 8.76,9.54 9.95,10.38 10.56,10.92
1800-142858-0060 0.23,1.3 2.91,3.67 3.75,5.8 6.53,6.69 7.0,7.08 7.17,8.98 10.23,11.25 12.18,12.38 12.49,13.08 13.23,13.41 14.14,14.45 14.49,14.74 14.97,15.73
1801-138032-0084 0.07,2.13 2.35,5.29 5.58,7.42 8.22,10.38 10.66,11.62 11.76,14.28 14.51,15.77
1804-131527-0003 0.41,0.81 5.05,5.1 5.66,5.73 10.81,10.99 13.02,13.2 13.43,13.5 13.83,14.01 14.84,15.04
1804-170447-0025 0.33,0.77 0.77,0.8 0.81,1.26 1.32,1.71 1.77,1.86 1.91,2.33 2.35,2.49 2.55,2.64 3.15,5.26 6.24,6.32 6.66,7.28 7.91,8.47 8.7,9.04 9.88,10.34 10.43,10.9 11.46,12.53 12.63,13.21 13.26,14.09 15.46,16.14
1806-143948-0005 0.15,3.78 4.17,4.89 5.42,5.58 6.12,7.42 8.47,10.47 11.09,13.3 13.48,15.16
1806-2536-0016 0.38,3.33 4.02,7.68 7.86,8.79 8.8,8.97 10.56,12.33 12.88,13.72
1809-143025-0029 0.17,3.92 5.22,6.63 7.18,11.28 11.58,12.0 12.24,12.59 12.63,12.96 13.71,14.82
1809-143025-0092 0.42,0.96 1.06,3.94 4.0,4.33 5.03,6.53 7.12,7.62 7.93,9.63 10.05,12.13 12.27,12.97
1811-129443-0046 0.12,2.1 2.29,5.33 5.75,8.6 8.73,9.48 10.35,11.41 11.65,13.44
1813-142304-0014 0.58,1.33 1.49,2.23 2.25,3.57 4.17,6.18 7.0,7.5 7.58,7.82 8.56,9.73 11.04,11.67 12.02,14.65
1815-143381-0006 0.58,1.64 1.88,2.1 2.79,3.04 3.18,3.24 4.33,4.7 4.72,4.91 4.91,5.19 6.34,6.72 6.74,7.51 7.62,7.71 7.72,8.32 8.64,9.11 9.26,9.63 10.11,10.54 10.86,10.96 11.07,11.14 11.25,11.34 11.47,11.55 12.4,12.91 13.06,13.14 13.15,13.19 13.2,13.47 14.21,14.62 14.82,15.18
1815-143388-0030 0.41,0.51 0.54,0.73 1.0,1.17 1.77,2.0 4.28,4.58 4.79,5.03 5.46,5.67 6.32,6.66 7.09,7.23 7.58,7.63 9.16,9.42 10.11,10.8 11.96,12.0 12.04,12.13 12.46,12.72 14.13,14.16
1819-144391-0007 0.09,4.37 5.87,7.28 7.39,10.52 11.32,12.35 12.88,13.98
1819-144398-0031 0.06,0.39 0.39,0.42 0.42,0.45 0.48,1.77 2.08,3.42 3.67,3.84 3.87,3.9 4.09,5.47 5.54,6.87 7.39,11.31 11.82,11.85 11.91,12.06 12.45,15.99 16.0,16.04
1819-144402-0034 0.23,1.43 3.08,6.3 6.76,7.8 8.23,10.26 10.76,12.03
1825-135580-0053 0.38,2.92 3.78,4.63 4.95,6.5 6.71,7.83 8.38,8.96 9.21,10.19 10.72,11.27 11.31,12.46 12.88,13.62
1826-139361-0060 0.42,0.97 1.11,3.62 3.92,4.61 5.38,8.94 9.04,9.45 10.66,12.16 12.54,13.89
1826-142752-0057 0.2,2.1 2.92,8.6 8.74,9.06 9.22,11.7 12.44,13.95 14.1,15.91
1841-150351-0007 0.38,2.85 2.98,7.29 8.49,9.69 9.84,13.61
1841-159771-0027 0.47,2.38 2.87,5.58 5.8,7.07 7.09,8.21 8.79,11.52
1844-145713-0001 0.56,3.29 3.38,4.02 4.5,5.17 5.75,7.25 7.91,9.03 9.82,11.51 12.81,14.58
1845-145083-0012 0.12,2.38 2.62,3.02 3.03,4.02 4.16,5.04 5.83,8.04 8.89,9.45 9.68,12.49
1845-145088-0031 0.24,1.11 1.12,2.65 3.03,3.35 3.51,5.28 5.37,5.73 6.71,8.0 8.36,11.09 11.45,11.7 11.74,12.63 12.91,13.21 13.26,13.83 13.94,14.45
1846-144458-0026 0.07,1.64 2.04,5.52 5.54,5.61 5.87,6.34 6.36,6.39 6.41,6.43 6.46,10.59 10.59,13.86 14.41,15.59
1846-144458-0080 0.57,3.02 3.27,14.87
1849-144965-0001 0.54,2.06 2.38,4.38 4.46,5.75 6.32,8.46 8.58,10.41 10.94,13.12
1849-144965-0060 0.27,2.6 3.38,6.08 6.13,7.51 7.86,9.88 10.52,11.84 12.22,13.35 13.74,15.38
1851-148962-0006 0.2,1.86 2.46,6.39 6.74,7.96 8.49,10.71 11.05,12.48 12.66,13.15
1859-145700-0024 0.14,1.2 1.26,1.68 2.08,2.83 2.83,4.92 5.26,7.79 8.12,9.11 9.18,9.35 9.35,9.82 10.01,11.84 12.03,12.97
1859-145703-0008 0.2,6.33 6.67,8.23 8.49,10.02 10.34,12.38
1863-142324-0082 0.38,1.97 2.4,4.68 5.03,5.67 6.15,8.04 8.62,10.32
1867-148436-0045 0.51,1.83 2.43,4.79 5.5,6.79 7.33,8.79 9.48,10.06 10.32,10.74 10.92,11.47 12.04,12.82
1867-154075-0029 0.56,1.16 1.5,2.21 3.18,3.52 4.12,5.19 5.29,6.32 6.43,6.92 7.08,7.42 7.59,8.82 9.88,11.04 11.49,13.88
1868-145459-0035 0.56,1.92 2.38,3.31 3.84,4.2 4.32,5.29 5.94,7.91 8.69,11.03
1868-2318-0042 0.51,1.78 2.27,3.51 4.09,9.48 9.6,11.61 11.94,12.97 13.01,13.79
1870-148296-0048 0.54,3.31 3.93,6.81 7.51,9.9 10.34,13.85
1870-164330-0021 0.43,1.53 2.87,4.33 4.61,5.28 5.5,6.96 8.0,13.62 13.79,16.05
1878-122452-0002 0.15,1.22 1.29,1.75 2.43,5.1 5.25,5.83 6.18,6.93 7.41,9.09 10.34,11.49 11.91,14.79
1878-122453-0015 0.57,2.87 3.0,3.38 4.09,6.18 7.98,10.47 11.22,12.63 12.95,13.32
1878-122453-0081 0.33,0.89 1.11,2.08 2.46,3.62 3.92,4.51 4.7,5.62 6.69,8.21 8.82,10.26 10.74,12.15 12.62,14.36 15.3,15.73
188-136483-0019 0.53,1.6 2.73,3.42 3.57,4.26 4.42,5.22 5.38,6.66 7.16,10.59 11.78,12.73 12.97,14.62
188-141613-0031 0.56,1.36 1.5,2.4 3.17,3.48 3.6,4.49 5.25,8.09 9.04,9.62 10.08,12.75
1885-136863-0074 0.14,2.67 3.04,3.23 3.48,3.81 3.92,4.2 5.16,5.73 5.8,5.88 5.92,6.01 6.03,6.06 6.11,6.88 6.99,8.91 9.16,9.42 9.63,10.95
1898-145715-0036 0.26,0.43 0.57,1.17 1.33,3.72 4.25,4.35 4.58,6.21 6.24,8.04 8.12,8.23 8.38,12.53 13.29,14.01 14.04,14.45 14.71,15.15 15.2,15.71
19-227-0010 0.21,1.2 1.97,2.31 2.49,6.01 6.34,8.28 8.87,10.48 10.59,12.16 12.51,13.38 13.5,14.84
19-227-0057 0.43,5.55 6.12,8.23 8.67,9.35 9.57,12.93
1901-48014-0003 0.14,1.02 1.47,4.14 4.51,6.76 7.47,11.31 11.7,14.4
1901-60017-0027 0.23,1.3 1.43,2.56 3.33,4.23 4.25,8.49 9.02,10.54
1903-132499-0044 0.1,1.8 2.25,3.31 3.45,6.36 7.58,12.38
1903-132499-0098 0.56,3.29 3.29,3.36 4.93,5.62 6.0,10.5 11.29,13.28
1913-147989-0009 0.54,3.24 3.4,4.16 4.2,5.12 6.11,6.81 7.23,8.76 9.48,13.01 13.04,13.53
1914-121449-0014 0.21,2.17 2.34,2.98 3.23,8.1 8.4,12.29 12.45,14.03 14.14,16.41
1914-133440-0035 0.3,5.91 6.67,7.51 7.67,8.28 8.4,9.29 9.49,10.06 10.26,11.21 11.31,13.83
192-128345-0003 0.32,2.91 3.9,5.36 5.52,6.01 6.33,7.71 7.82,9.35 10.34,12.73 13.06,15.39
192-128345-0052 0.27,2.5 2.88,6.09 6.24,7.38 7.96,8.82 9.39,13.14
1920-1793-0000 0.34,1.02 1.83,2.7 4.32,6.53 7.38,9.29 9.64,11.47 11.62,12.77
1920-1793-0055 0.41,1.3 1.49,2.55 3.02,4.32 5.26,6.27 6.42,7.56 7.98,8.36 8.67,9.55 9.95,11.36 11.69,12.54 12.72,14.79
1923-161972-0018 0.45,3.02 3.09,4.88 5.03,5.52 6.09,10.3 10.53,11.36 12.18,14.03
1924-132574-0045 0.03,3.67 3.88,7.5 8.07,8.12 8.23,9.26 9.53,10.34 10.77,14.85
1924-132576-0025 0.18,1.46 1.5,1.56 1.84,2.97 3.04,3.9 4.59,6.36 7.56,9.88 9.95,10.83 11.03,11.23 11.49,11.58 11.58,15.64
1926-143879-0042 0.36,2.7 3.15,3.83 4.09,6.01 6.97,8.25 8.74,12.35 13.17,15.2
1926-147987-0000 0.36,1.65 2.19,4.04 5.13,7.65 7.82,8.03 9.2,9.31 9.38,11.09 11.47,12.69
1931-156647-0031 0.21,2.55 2.94,4.09 5.5,7.3 7.62,9.93 10.3,12.24
1938-176228-0014 0.15,1.98 3.29,5.34 5.75,7.2 7.88,9.35 9.66,10.89 11.64,13.56 13.8,15.71
1943-138033-0026 0.51,3.24 3.62,4.82 5.19,8.51 8.69,11.65
1944-159227-0032 0.36,2.6 3.33,7.12 7.26,9.39 10.17,11.07
